56550035924113170505830328735387144247082155512866957659656089559388264283806
59454243776673042612495706274074683779593162173045377254234644102590461254174
15026356751895220909155436702007615535349944097481362787630906450050167933657
9393222887111176995309299879223774869227136648017478542524708856751548074976
58467845500715047400469079428801984100575738278624267468833683901433089169774
50769834247002894490941571291000765283490434677144572957957985482845215990563
3267433135207587691246861879201879792662095963409371747826099423767430838617
67898272100112321348390213714271941691948525825495071238072778874732845749462
139849185251558555913571569657992918383161939392745281676450173350959043757
18037768483611110278728604904093346170816533079244189949894706128636007183952
25590506297544110578816668499331522916438020334244271990719029619623607008276
66157533866282099597763523927440349673279124795033914903830566138581288982959
4989181010270840632942806967142181524457110805076240433944354999572564636488
15493146175045883627218019844687637375602756576838748687689732821774176498079
6452146266976386784773800034887688083969850681164617491330396819206240828985
72251265401434449915764211967256084593205990984760269822126604223116808591786
35105866507591616239522552540306716375395791357686711196204565050863680668746
57214389173023944364072551060805318123410212049548851447760426132226691013257
16703684830995902081904341224536085579824718004818245453333227258889411581336
80101914098491765815381397871523098401058754430613972016529454012600962890642
53414981221140663501109431266218891821036174317802860565040362692302652541400
79798384038946167712022943166631978720841483537714284565146441504035704555410
40691430727691154142741803927903482310427480191713874677519118408863267531017
64931009004252198912948612876537650574832815902833477968937120775602263562180
29077318098069763842464522011315073349735431855654959166674353983387973693341
72266876433205621319938840177544883832713973230239077082951335046409587341254
4194404753486658347783265062902637826268618364199864502308788010749842714866
49410577362449980029680110853547676392489232826509813039944442331775382635375
35985988461209219486225560001144149705199103988082587736546642975371642845110
14238399380669249177320087107027881078478542661146360644630244485798709030798
58323965811552695029637780317929667072300460036988556567660835327344326553326
78963038943327549182484510131374777996603208435714574930442733670477847861368
53557204502503293019630781797756198692121765277075558535486633828553702987228
13414712015317387665283505440333688438987160367699841225258637339452969609110
32666048661228049936456345902276410399230638684108626669259326334980232313860
5875486508814510210706834919203871955939736378010471410758645759424952388324
64144429596978936600479585582263527001444059013379803705198298088251974132441
47722425841698845992844414784277139950179156181168878668180251421546115147831
73677523859322157473398414395009260559457148410018680570636468277642496663402
46397129413247960899963431336100830120052486376138440069700393309331917257645
34046662410649794219908027055837973837350937602042853875934492473552908109928
8638300100794230066087397602010879386866870936184038397836265265857226365778
42838703769036546035162193356515873298657367717860363500596781848377198792212
63573903747387970085669461696592882222401684065470362774521834789462927751313
26920222873224785814630189693852649343698430336592235348347075553424039935452
51402720479834450755867840126025942070866953109683836736638699985576297097753
71691054866673845613340384380273908229995303507124538563675434692775367557258
52855292824963910564032329311569067723462504878445751281484887569542477576441
57907408690114518614941738897078679517669394121921894153505797360221513016611
36943732706045371403387509930599044297791687715223290799449031016086745469230
37455246049446481326300489095645185163509064292122356078731366058820091342905
41952346212180785642964677265928171462669771497904464698212277028928276887211
29228597213327150661942789169212973449765984348710285916383021632704429275296
60227797183590884950379922121932730056482438488076197704982042981769689949808
33035668810926235739095433827669378499975840150583092863545526562092149296982
30871938184949022873708404187860180247717347066317941397027258704352110204558
30732480865028578138245618312753558342858491358772867308757659983924464173473
52197932193580663951668465647795134506842168386503882738105420618676990133096
234701984323237738279291914485632142420106270909019116978324278660657687544
75714336415902318744522079726333406567480727880594494457411517827602308748017
81171924290318292139610656413848301716114794526767575458988698815163611498401
967712590305755709681318786173628995741258762795309317761475114659023137006
4430537361666915214574683617438601124675971461849609453307289264783425068298
6756414829468436739105469393998322570749185631826650653917403012360175233243
7200721929029898945089764068769890093790407957292015362461596290843919349517
46619319490497377462140528963364434617148741415906821873000491208392914627389
42998668498004111441930854893891476190110808416526199713323519425047484584712
7240661036592585486802537793108330486047732207783244949452562411590506339976
61167438393875334001627347101788664915599791170423532282327551081639579874984
17152093954620383980404347204033004785345526003876091983847799660071339907359
5850547469310980974680639669340834527253408431163482576694034359843925844972
46629051852266270855903085478998569608593715814187118926407742751846723399356
3067035615528174113061417061221194442029770334796232408117659606445114341013
29790872196362916866372430225723334930897105669762651520296293588705117081960
14238399380669249177320087107027881078478542661146360644630244485798709030798
4774668584835623666449037379198145403904947876323312182480684349567708655409
34001999990292128441316867714574922884723726283372412634815769685065532920395
33646781732819996364246835284882292787787165619311522588017042774988067296990
349783922685220979896932420610309536652857887904170482886380292953521977879
45913889254408785414868327663187849558012454597845742112761175638366021676169
67115948423498276009293707916619307156581981676223713843182329867295343749284
67387030978607311898933498532486804698218348113148653941242612165253984678366
53579007077576474206103379094331347915995091189721459128374587026583700579344
6179947574372317873288634043456099935623364179453831102877182182890116855792
62098712632645124713725592211252401955245551712870741260765684625639222541921
37690711073991784429650616801662153106196922942214313922888594181231352902674
2449815358372308895153713344039979259168531578587263756481515809044355784013
52845883871015727054744682796294672008285893708175930339198398921357675406878
23752566155914227183038832519261388891458654703146693947897959478031220429851
70557001498995943274822303136060856347342050358822911742033481930299786811470
40324200087765554289027794778961329197855049980453621502686261999451302919442
77993886443798773594650058721431687604803940523288638240907707063573788345934
23991725093382587465357261501858222229123752050702867111076137361771193955972
61582677812644692916764913965830310836333930733093425000867029788137811925934
46680977494170773024127177207816581976994660536997466287486007124837987201730
62134722621897935295944658458383998734464557241392912646963022878341570316791
24508489644270691847005030952795608680348227032663046284022404959460171206683
49958575350210894774676095952587853301326759151140103432423709567289409227171
23656285267672134853079913256893925874990475097287627360940184092061316722900
4221419519268981734259482267401150235000986484722820856700522542664903741971
